2
1
6
 0.991894 -0.127069
 -14.014 -12.6436 -8.34843 -2.66501 -5.21884 -5.20911
-12.6436  -21.316 -9.05931 -4.71095 -8.06061 -7.93787
-8.34843 -9.05931 -10.8218 -4.34779 -1.28118 -0.80178
 -2.66501  -4.71095  -4.34779   -13.804   1.81826 -0.476245
-5.21884 -8.06061 -1.28118  1.81826 -17.7828  -5.6783
 -5.20911  -7.93787  -0.80178 -0.476245   -5.6783  -11.5561
-0.618092  0.985319   1.08786        -0        -0        -0
0.985319  2.26026  1.63019       -0       -0       -0
 1.08786  1.63019 0.546467       -0       -0       -0
       -0        -0        -0  0.618092 -0.985319  -1.08786
       -0        -0        -0 -0.985319  -2.26026  -1.63019
       -0        -0        -0  -1.08786  -1.63019 -0.546467
  2.47912   2.77478 -0.486769        -0        -0        -0
 2.77478  1.65307 0.865343       -0       -0       -0
-0.486769  0.865343   1.82074        -0        -0        -0
      -0       -0       -0 -2.47912 -2.77478 0.486769
       -0        -0        -0  -2.77478  -1.65307 -0.865343
       -0        -0        -0  0.486769 -0.865343  -1.82074
